8.367743e+00 
5.186330e+00 
8.133364e+00 
5.136152e+00 
8.611718e+00 
5.191830e+00 
1.666104e+00 
1.105059e+00 
1.579901e+00 
1.099896e+00 
1.578118e+00 
1.080675e+00 
1.363512e+00 
1.027045e+00 
1.329516e+00 
1.023291e+00 
1.347468e+00 
1.021623e+00 
1.622943e+01 
7.890890e+00 
1.593981e+01 
7.927299e+00 
1.715985e+01 
8.061963e+00 
1.367181e+00 
1.032408e+00 
1.324878e+00 
1.025950e+00 
1.344624e+00 
1.024155e+00 
1.063638e+01 
6.107685e+00 
1.032241e+01 
6.066260e+00 
1.092009e+01 
6.117047e+00 
1.367258e+00 
1.032103e+00 
1.324080e+00 
1.025571e+00 
1.348321e+00 
1.024156e+00 
1.363541e+00 
1.031029e+00 
1.326416e+00 
1.025275e+00 
1.343890e+00 
1.022770e+00 
1.605433e+00 
1.086697e+00 
1.512335e+00 
1.071502e+00 
1.500655e+00 
1.063679e+00 
1.862967e+00 
1.155685e+00 
1.679835e+00 
1.133282e+00 
1.651745e+00 
1.109386e+00 
1.498012e+00 
1.062882e+00 
1.453874e+00 
1.058235e+00 
1.456410e+00 
1.054453e+00 
1.527956e+00 
1.066666e+00 
1.476101e+00 
1.064092e+00 
1.477499e+00 
1.059002e+00 
1.194264e+00 
9.840390e-01 
1.170407e+00 
9.887450e-01 
1.219100e+00 
9.912030e-01 
9.681554e+00 
5.268472e+00 
9.450476e+00 
5.285199e+00 
9.993708e+00 
5.321480e+00 
1.669952e+00 
1.115095e+00 
1.620738e+00 
1.112531e+00 
1.647183e+00 
1.103567e+00 
1.868015e+01 
7.809942e+00 
1.837075e+01 
7.903640e+00 
1.975244e+01 
8.006669e+00 
1.702023e+00 
1.128319e+00 
1.639413e+00 
1.126991e+00 
1.666456e+00 
1.117273e+00 
1.232714e+01 
6.224653e+00 
1.198620e+01 
6.235635e+00 
1.270105e+01 
6.261035e+00 
1.703178e+00 
1.131002e+00 
1.639479e+00 
1.130310e+00 
1.672353e+00 
1.120147e+00 
1.686439e+00 
1.122720e+00 
1.632651e+00 
1.120865e+00 
1.657190e+00 
1.111420e+00 
1.433035e+00 
1.054307e+00 
1.405434e+00 
1.057463e+00 
1.437200e+00 
1.058356e+00 
1.244295e+00 
1.005620e+00 
1.227750e+00 
1.004329e+00 
1.241081e+00 
1.002091e+00 
1.503063e+00 
1.064915e+00 
1.472491e+00 
1.067057e+00 
1.507213e+00 
1.066921e+00 
1.601861e+00 
1.085671e+00 
1.568372e+00 
1.086587e+00 
1.583515e+00 
1.078316e+00 
1.538894e+00 
1.068907e+00 
1.499423e+00 
1.068374e+00 
1.527212e+00 
1.067024e+00 
1.442441e+00 
1.051392e+00 
1.436331e+00 
1.063438e+00 
1.491104e+00 
1.059951e+00 
