1.704310e+00 
1.905054e+00 
1.512895e+00 
2.004913e+00 
1.720380e+00 
2.084476e+00 
2.665340e+00 
1.902608e+00 
2.508935e+00 
1.788452e+00 
2.462739e+00 
1.760468e+00 
1.209235e+00 
1.089228e+00 
1.120552e+00 
1.038927e+00 
1.093524e+00 
1.025041e+00 
1.245605e+00 
1.126212e+00 
1.134944e+00 
1.063238e+00 
1.098005e+00 
1.039270e+00 
1.101500e+00 
1.043714e+00 
1.081292e+00 
1.021236e+00 
1.075600e+00 
1.016062e+00 
1.102851e+00 
1.043676e+00 
1.081790e+00 
1.021151e+00 
1.075790e+00 
1.015934e+00 
1.224899e+00 
1.104841e+00 
1.124740e+00 
1.054813e+00 
1.096224e+00 
1.037572e+00 
1.235923e+00 
1.118203e+00 
1.134115e+00 
1.056915e+00 
1.101710e+00 
1.036088e+00 
2.665340e+00 
1.902608e+00 
2.594280e+00 
1.884810e+00 
2.596453e+00 
1.853064e+00 
1.209235e+00 
1.089228e+00 
1.198341e+00 
1.088455e+00 
1.211993e+00 
1.086222e+00 
1.245605e+00 
1.126212e+00 
1.231449e+00 
1.119966e+00 
1.238226e+00 
1.112683e+00 
1.101500e+00 
1.043714e+00 
1.098272e+00 
1.024143e+00 
1.092411e+00 
1.021584e+00 
1.102851e+00 
1.043676e+00 
1.098958e+00 
1.024270e+00 
1.093205e+00 
1.021697e+00 
1.224899e+00 
1.104841e+00 
1.221081e+00 
1.116700e+00 
1.237871e+00 
1.112689e+00 
1.235923e+00 
1.118203e+00 
1.228886e+00 
1.121472e+00 
1.241065e+00 
1.116041e+00 
